&SOPT
  nsrf =          400
  lesp =    7.5000000000000002E-004
  tesp =    3.0000000000000001E-003
  radi =    150.00000000000000     
  nwke =           75
  fdst =    1.0000000000000000     
  fwkl =    1.0000000000000000     
  fwki =    10.000000000000000     
/
&VOPT
  name = 'naca0012_sharp'
  jmax =          150
  slvr = 'HYPR'
  topo = 'CGRD'
  ypls =    20.000000000000000     
  recd =    1000000.0000000000     
  stp1 =         1000
  stp2 =           20
  nrmt =            1
  nrmb =            1
  alfa =    1.0000000000000000     
  epsi =    15.000000000000000     
  epse =    0.0000000000000000     
  funi =    0.0000000000000000     
  asmt =           20
/
&OOPT
  gdim =            2
  npln =            2
  dpln =    1.0000000000000000     
/
